tweet_id,favorites,retweets
892420643555336193,35380,7469
892177421306343426,30618,5545
891815181378084864,23033,3671
891689557279858688,38664,7645
891327558926688256,36950,8243
891087950875897856,18629,2759
890971913173991426,10819,1792
890729181411237888,59619,16711
890609185150312448,25631,3813
890240255349198849,29252,6482
890006608113172480,28199,6494
889880896479866881,25659,4413
889665388333682689,44060,8855
889638837579907072,24786,3965
889531135344209921,13941,1998
889278841981685760,23133,4715
888917238123831296,26751,3974
888804989199671297,23480,3746
888554962724278272,18105,3062
888078434458587136,20005,3073
887705289381826560,27814,4781
887517139158093824,42596,10429
887473957103951883,63031,15920
887343217045368832,30936,9326
887101392804085760,28137,5278
886983233522544640,31960,6773
886736880519319552,10977,2822
886680336477933568,20663,3964
886366144734445568,19398,2804
886267009285017600,110,4
886258384151887873,25681,5603
886054160059072513,0,96
885984800019947520,29930,5949
885528943205470208,33012,5663
885518971528720385,18806,3302
885311592912609280,0,16377
885167619883638784,20079,3868
884925521741709313,70652,15977
884876753390489601,25525,4945
884562892145688576,22326,4159
884441805382717440,24895,5049
884247878851493888,66549,17971
884162670584377345,18750,2651
883838122936631299,20069,3027
883482846933004288,42079,8747
883360690899218434,20843,3265
883117836046086144,34036,5879
882992080364220416,21934,3434
882762694511734784,25942,4324
882627270321602560,25722,5376
882268110199369728,41149,10274
882045870035918850,26920,4312
881906580714921986,22386,3016
881666595344535552,46537,9454
881633300179243008,116,7
881536004380872706,45431,14188
881268444196462592,21405,4697
880935762899988482,15721,2482
880872448815771648,19568,3393
880465832366813184,26135,5511
880221127280381952,24749,3684
880095782870896641,25389,3861
879862464715927552,20571,3088
879674319642796034,292,10
879492040517615616,21590,2816
879415818425184262,97161,39608
879376492567855104,15486,2777
879130579576475649,0,6044
879050749262655488,20734,4170
879008229531029506,17490,2376
878776093423087618,17823,3634
878604707211726852,27655,6273
878404777348136964,0,1131
878316110768087041,0,5892
878281511006478336,7103,1131
878057613040115712,38753,6044
877736472329191424,72787,16806
877611172832227328,0,71
877556246731214848,20892,3389
877316821321428993,25241,4631
877201837425926144,24953,4946
876838120628539392,19049,2964
876537666061221889,21873,4183
876484053909872640,17305,2104
876120275196170240,25802,4147
875747767867523072,23130,3803
875144289856114688,20231,4376
875097192612077568,25323,5424
875021211251597312,23531,4200
874680097055178752,25668,4136
874434818259525634,0,12949
874296783580663808,24020,3681
874057562936811520,20976,3556
874012996292530176,31543,9109
873580283840344065,22365,3524
873337748698140672,0,1412
873213775632977920,6610,1412
872967104147763200,25176,4841
872820683541237760,13626,3331
872620804844003328,19159,3258
872486979161796608,37708,8121
872122724285648897,31660,7259
871879754684805121,34718,9796
871762521631449091,18712,3131
871515927908634625,18701,3123
871166179821445120,0,5130
871102520638267392,19374,4957
871032628920680449,21076,3428
870804317367881728,31209,5564
870726314365509632,113,3
870656317836468226,11414,2350
870374049280663552,77088,23964
870308999962521604,20357,3743
870063196459192321,33869,7491
869772420881756160,39562,9153
869702957897576449,26204,5680
869596645499047938,14832,2807
869227993411051520,18972,3402
868880397819494401,60726,13031
868639477480148993,0,1871
868622495443632128,24741,4777
868552278524837888,9367,1871
867900495410671616,22550,3793
867774946302451713,31641,6646
867421006826221569,14987,2262
867072653475098625,0,108
867051520902168576,29999,7164
866720684873056260,18645,4353
866686824827068416,17941,3148
866450705531457537,113927,32058
866334964761202691,48784,12949
866094527597207552,0,7621
865718153858494464,23983,5122
865359393868664832,24698,4551
865006731092295680,26184,7042
864873206498414592,30143,7929
864279568663928832,13644,2744
864197398364647424,27985,8046
863907417377173506,19278,3788
863553081350529029,14287,3833
863471782782697472,0,2216
863432100342583297,22257,4790
863427515083354112,2059,87
863079547188785154,8212,1015
863062471531167744,7897,2216
862831371563274240,17970,4714
862722525377298433,16033,3246
862457590147678208,19129,4502
862096992088072192,69475,21219
861383897657036800,33850,9825
861288531465048066,16095,3802
861005113778896900,15665,3511
860981674716409858,0,1970
860924035999428608,0,728
860563773140209665,7043,1970
860524505164394496,22229,4872
860276583193509888,17307,3247
860184849394610176,15680,5397
860177593139703809,0,28493
859924526012018688,18466,3797
859851578198683649,14549,3257
859607811541651456,17557,1432
859196978902773760,84592,27833
859074603037188101,31865,12619
858860390427611136,0,7510
858843525470990336,14736,3215
858471635011153920,20350,4509
858107933456039936,14881,2682
857989990357356544,15187,2403
857746408056729600,32366,9885
857393404942143489,5570,1527
857263160327368704,19017,4213
857214891891077121,213,17
857062103051644929,0,155
857029823797047296,17855,3701
856543823941562368,15526,2688
856526610513747968,11270,1756
856330835276025856,0,624
856288084350160898,490,15
856282028240666624,26344,5867
855862651834028034,316,22
855860136149123072,4646,910
855857698524602368,11301,1971
855851453814013952,43612,16936
855818117272018944,25394,5088
855459453768019968,28362,7710
855245323840757760,0,5577
855138241867124737,0,41
854732716440526848,21692,5692
854482394044301312,27873,6422
854365224396361728,18027,4415
854120357044912130,30561,7014
854010172552949760,15529,2970
853760880890318849,27331,5437
853639147608842240,33118,9428
853299958564483072,14838,3357
852936405516943360,0,1875
852912242202992640,8632,1703
852672615818899456,14310,2044
852553447878664193,15607,3282
852311364735569921,31800,9420
852226086759018497,19211,6500
852189679701164033,11021,1509
851861385021730816,0,19
851591660324737024,15662,3292
851464819735769094,23325,6714
851224888060895234,19919,5468
850753642995093505,29610,8631
850380195714523136,12641,2476
850333567704068097,3332,311
850145622816686080,15738,3612
850019790995546112,19685,4640
849776966551130114,29293,7225
849668094696017920,0,4732
849412302885593088,15324,3001
849336543269576704,11029,1804
849051919805034497,40865,8074
848690551926992896,24340,4141
848324959059550208,23895,4423
848213670039564288,7896,688
848212111729840128,15780,2888
847978865427394560,0,3121
847971574464610304,0,420
847962785489326080,22776,4853
847842811428974592,5244,1263
847617282490613760,6762,393
847606175596138505,18183,3280
847251039262605312,19866,4141
847157206088847362,19249,5611
847116187444137987,20805,3052
846874817362120707,19446,3760
846514051647705089,43209,11062
846505985330044928,13682,2940
846153765933735936,30595,8663
846139713627017216,30119,9664
846042936437604353,15502,2746
845812042753855489,28343,8334
845677943972139009,24469,4623
845397057150107648,7392,1717
845306882940190720,22658,5171
845098359547420673,0,7367
844979544864018432,13257,2446
844973813909606400,14618,3049
844580511645339650,16007,2993
844223788422217728,13300,2099
843981021012017153,14780,2846
843856843873095681,20871,4439
843604394117681152,16440,2635
843235543001513987,20940,5789
842846295480000512,14891,3502
842765311967449089,6552,1218
842535590457499648,17669,3387
842163532590374912,23820,5577
842115215311396866,13618,2913
841833993020538882,0,14493
841680585030541313,25153,7566
841439858740625411,12321,3546
841320156043304961,19329,5326
841314665196081154,15461,4485
841077006473256960,22308,5130
840761248237133825,0,1706
840728873075638272,0,15511
840698636975636481,172,2
840696689258311684,11987,942
840632337062862849,8786,1706
840370681858686976,16062,4407
840268004936019968,18809,5547
839990271299457024,13143,2202
839549326359670784,26838,7510
839290600511926273,0,139
839239871831150596,26502,6321
838952994649550848,19226,3874
838921590096166913,10882,1982
838916489579200512,0,33
838831947270979586,0,10683
838561493054533637,10739,1290
838476387338051585,21989,4618
838201503651401729,0,9738
838150277551247360,1631,323
838085839343206401,138,1
838083903487373313,17269,3027
837820167694528512,33354,7621
837482249356513284,3782,431
837471256429613056,12532,2200
837110210464448512,15717,2301
836989968035819520,12503,2242
836753516572119041,18976,4519
836677758902222849,12390,2170
836648853927522308,0,536
836397794269200385,0,26741
836380477523124226,14495,2908
836260088725786625,20916,4197
836001077879255040,18722,4150
835685285446955009,0,7921
835574547218894849,17468,3521
835536468978302976,0,1646
835309094223372289,0,20385
835297930240217089,16176,2920
835264098648616962,7580,1646
835246439529840640,2060,71
835172783151792128,25709,5617
835152434251116546,21949,2917
834931633769889797,10598,1586
834786237630337024,21048,5379
834574053763584002,13402,2456
834477809192075265,0,10374
834458053273591808,9465,1637
834209720923721728,20183,4628
834167344700198914,15550,3573
834089966724603904,9860,2081
834086379323871233,12841,2150
833863086058651648,13210,2350
833826103416520705,17778,3684
833732339549220864,0,217
833722901757046785,20492,3152
833479644947025920,14626,1993
833124694597443584,19860,4732
832998151111966721,13027,2139
832769181346996225,0,38
832757312314028032,16605,3529
832682457690300417,11675,2845
832645525019123713,2883,521
832636094638288896,15606,2720
832397543355072512,11783,2158
832369877331693569,16885,3121
832273440279240704,11148,2278
832215909146226688,0,6066
832215726631055365,0,9113
832088576586297345,62,2
832040443403784192,0,9375
832032802820481025,17578,4560
831939777352105988,23589,5994
831926988323639298,330,34
831911600680497154,27147,6349
831670449226514432,10260,1772
831650051525054464,7003,1875
831552930092285952,8834,2269
831322785565769729,9137,1520
831315979191906304,6439,1102
831309418084069378,11592,2411
831262627380748289,11724,1994
830956169170665475,7873,1462
830583320585068544,65755,16377
830173239259324417,0,5557
830097400375152640,9635,2868
829878982036299777,0,4899
829861396166877184,12069,1895
829501995190984704,31259,10374
829449946868879360,10317,1963
829141528400556032,24043,7172
829011960981237760,52498,15991
828801551087042563,0,3354
828770345708580865,25234,5729
828708714936930305,35971,10949
828650029636317184,9374,1308
828409743546925057,6263,1141
828408677031882754,7580,1259
828381636999917570,12421,2176
828376505180889089,7282,1046
828372645993398273,12414,2874
828361771580813312,2153,171
828046555563323392,11593,2813
828011680017821696,10227,2112
827933404142436356,19819,5136
827653905312006145,15296,2964
827600520311402496,7372,923
827324948884643840,15621,2977
827199976799354881,10446,2184
826958653328592898,21292,4899
826848821049180160,35815,9957
826615380357632002,0,3912
826598799820865537,5066,245
826598365270007810,9901,2303
826476773533745153,18167,4109
826240494070030336,13117,2564
826204788643753985,4815,906
826115272272650244,15442,3042
825876512159186944,10354,1831
825829644528148480,12590,2445
825535076884762624,56225,17276
825147591692263424,18075,4459
825120256414846976,0,1228
825026590719483904,6209,1228
824796380199809024,0,5412
824775126675836928,14737,3447
824663926340194305,10410,1742
824325613288833024,11687,10387
824297048279236611,14890,3793
824025158776213504,4766,589
823939628516474880,10506,2659
823719002937630720,0,10990
823699002998870016,13822,2477
823581115634085888,12884,2587
823333489516937216,693,22
823322678127919110,15559,3952
823269594223824897,0,9724
822975315408461824,17150,3388
822872901745569793,130090,42490
822859134160621569,13118,2234
822647212903690241,0,6312
822610361945911296,14657,2908
822489057087389700,17943,6312
822462944365645825,27655,14028
822244816520155136,34600,9724
822163064745328640,0,4682
821886076407029760,11204,2269
821813639212650496,0,3330
821765923262631936,8325,1631
821522889702862852,7964,1727
821421320206483457,0,5490
821407182352777218,11632,4271
821153421864615936,254,10
821149554670182400,8547,1939
821107785811234820,9510,2104
821044531881721856,12555,2239
820837357901512704,0,6633
820749716845686786,31267,9738
820690176645140481,12111,3186
820494788566847489,0,555
820446719150292993,0,2537
820314633777061888,3315,555
820078625395449857,19624,6195
820013781606658049,0,1159
819952236453363712,5279,1159
819924195358416896,12817,4817
819711362133872643,13257,3072
819588359383371776,9575,1970
819347104292290561,7160,1185
819238181065359361,2241,403
819227688460238848,22883,6633
819015337530290176,0,36480
819015331746349057,0,18783
819006400881917954,44975,18783
819004803107983360,86294,36480
818646164899774465,0,20711
818627210458333184,22233,7456
818614493328580609,9760,2519
818588835076603904,0,6041
818536468981415936,10786,2413
818307523543449600,0,7965
818259473185828864,10920,2225
818145370475810820,12159,2530
817908911860748288,4811,790
817827839487737858,51189,26741
817777686764523521,10670,2647
817536400337801217,11679,2922
817502432452313088,0,3352
817423860136083457,33503,14493
817415592588222464,5556,935
817181837579653120,0,8373
817171292965273600,8697,1998
817120970343411712,12134,2568
817056546584727552,8523,1624
816829038950027264,0,4668
816816676327063552,9934,2017
816697700272001025,9701,2155
816450570814898180,30201,7965
816336735214911488,8552,1928
816091915477250048,8860,2110
816062466425819140,0,1005
816014286006976512,0,5209
815990720817401858,4909,1005
815966073409433600,22238,8373
815745968457060357,0,4089
815736392542261248,9786,2240
815639385530101762,8175,1635
815390420867969024,10301,3779
814986499976527872,7610,1264
814638523311648768,11190,2669
814578408554463233,0,5782
814530161257443328,8589,1841
814153002265309185,28602,8582
813944609378369540,0,3153
813910438903693312,9255,1846
813812741911748608,36239,13846
813800681631023104,8276,1741
813217897535406080,18553,7240
813202720496779264,9190,1803
813187593374461952,19748,4317
813172488309972993,9216,1905
813157409116065792,7736,2191
813142292504645637,8447,2365
813130366689148928,4465,445
813127251579564032,11766,3104
813112105746448384,10255,2719
813096984823349248,10523,3605
813081950185472002,9857,2764
813066809284972545,7904,1938
813051746834595840,20886,7312
812781120811126785,7521,1889
812709060537683968,6587,1427
812503143955202048,6035,1205
812466873996607488,7934,1922
812372279581671427,13593,3636
811985624773361665,7248,1390
811744202451197953,7511,1577
811647686436880384,5584,734
811627233043480576,12718,3056
811386762094317568,20840,6336
810984652412424192,5304,1430
810896069567610880,8969,1752
810657578271330305,10928,2623
810284430598270976,35057,11156
810254108431155201,14630,3354
809920764300447744,15500,3912
809808892968534016,0,4858
809448704142938112,6917,1460
809220051211603969,19835,5557
809084759137812480,13185,3511
808838249661788160,10087,3016
808733504066486276,7876,2151
808501579447930884,11276,2588
808344865868283904,42375,20711
808134635716833280,0,5874
808106460588765185,8784,2201
808001312164028416,12499,3519
807621403335917568,14529,3591
807106840509214720,117723,55001
807059379405148160,0,7295
807010152071229440,13050,3847
806629075125202948,74346,34391
806620845233815552,0,5498
806576416489959424,4877,1950
806542213899489280,10193,2348
806242860592926720,0,11558
806219024703037440,6429,1186
805958939288408065,0,5334
805932879469572096,8260,1917
805826884734976000,6536,1807
805823200554876929,0,7966
805520635690676224,5732,1649
805487436403003392,8773,2514
805207613751304193,7828,1708
804738756058218496,13666,3802
804475857670639616,6118,2002
804413760345620481,0,3217
804026241225523202,44303,16006
803773340896923648,10030,2726
803692223237865472,0,7395
803638050916102144,10915,4128
803380650405482500,7747,1868
803321560782307329,0,5298
803276597545603072,10004,2441
802952499103731712,8987,1988
802624713319034886,0,2900
802600418706604034,7083,1454
802572683846291456,8922,2488
802323869084381190,16137,5798
802265048156610565,6913,1369
802239329049477120,9064,2611
802185808107208704,0,273
801958328846974976,7733,1716
801854953262350336,1789,235
801538201127157760,8209,2052
801285448605831168,6036,814
801167903437357056,24392,5874
801127390143516673,0,3933
801115127852503040,8046,2097
800859414831898624,688,97
800855607700029440,0,1605
800751577355128832,10557,2778
800513324630806528,13099,2975
800459316964663297,9484,2167
800443802682937345,0,4300
800388270626521089,11132,2790
800188575492947969,0,3921
800141422401830912,15240,2537
800018252395122689,28283,13074
799774291445383169,0,4658
799757965289017345,8371,2155
799422933579902976,8054,1920
799308762079035393,0,5430
799297110730567681,9846,2741
799063482566066176,8053,2467
798933969379225600,13037,4427
798925684722855936,7498,1435
798705661114773508,0,6608
798701998996647937,0,7738
798697898615730177,0,6490
798694562394996736,0,4926
798686750113755136,0,2329
798682547630837760,0,4720
798673117451325440,0,5534
798665375516884993,0,3884
798644042770751489,0,1844
798628517273620480,0,1967
798585098161549313,0,5659
798576900688019456,0,5812
798340744599797760,0,3309
798209839306514432,10398,2545
797971864723324932,11548,3097
797545162159308800,14528,4853
797236660651966464,19900,6533
797165961484890113,225,26
796904159865868288,0,8877
796865951799083009,7666,1910
796759840936919040,11792,3011
796563435802726400,0,7210
796484825502875648,7560,1746
796387464403357696,10966,4112
796177847564038144,0,14188
796149749086875649,32145,14188
796125600683540480,4956,1800
796116448414461957,9075,2407
796080075804475393,8438,2294
796031486298386433,10771,3701
795464331001561088,49405,23435
795400264262053889,10008,2847
795076730285391872,16142,5412
794983741416415232,0,3353
794926597468000259,10202,2302
794355576146903043,0,10214
794332329137291264,9579,2668
794205286408003585,9210,3300
793962221541933056,16783,4858
793845145112371200,9191,1846
793614319594401792,0,3111
793601777308463104,7954,1607
793500921481273345,10643,2360
793286476301799424,24524,9113
793271401113350145,8679,2377
793256262322548741,19934,8290
793241302385262592,10486,3276
793226087023144960,9793,2868
793210959003287553,8900,2780
793195938047070209,15216,5595
793180763617361921,6915,1987
793165685325201412,9355,2763
793150605191548928,6152,1689
793135492858580992,6387,2484
793120401413079041,12611,3899
792913359805018113,14281,3950
792883833364439040,11267,4247
792773781206999040,7338,1662
792394556390137856,13380,4273
792050063153438720,7129,1781
791821351946420224,0,20965
791784077045166082,0,9509
791780927877898241,0,3796
791774931465953280,44961,22056
791672322847637504,11712,3111
791406955684368384,13113,4089
791312159183634433,8739,2516
791026214425268224,0,4067
790987426131050500,9788,2122
790946055508652032,16612,4668
790723298204217344,0,2295
790698755171364864,8186,1913
790581949425475584,20593,7087
790337589677002753,7791,1869
790277117346975746,12519,3153
790227638568808452,0,3544
789986466051088384,9222,2295
789960241177853952,0,4086
789903600034189313,10300,4107
789628658055020548,7458,1752
789599242079838210,6720,1912
789530877013393408,11689,3353
789314372632018944,8618,2281
789280767834746880,0,4892
789268448748703744,9085,2592
789137962068021249,9691,2774
788908386943430656,27354,12409
788765914992902144,27223,10214
788552643979468800,0,7113
788412144018661376,15480,5226
788178268662984705,7200,2083
788150585577050112,6100,1266
788070120937619456,0,3412
788039637453406209,6097,1299
787810552592695296,8579,3024
787717603741622272,10234,2757
787397959788929025,10845,2831
787322443945877504,7745,1729
787111942498508800,0,6697
786963064373534720,26534,7921
786729988674449408,0,2410
786709082849828864,18158,6066
786664955043049472,10547,2521
786595970293370880,9414,3105
786363235746385920,10838,3467
786286427768250368,7935,2805
786233965241827333,15162,4682
786051337297522688,1420,154
786036967502913536,0,6948
785927819176054784,11326,3154
785872687017132033,6667,1789
785639753186217984,7825,2217
785533386513321988,9056,1975
785515384317313025,6090,1242
785264754247995392,7226,1605
785170936622350336,11953,4779
784826020293709826,10054,3217
784517518371221505,8918,2502
784431430411685888,5690,1259
784183165795655680,19931,7966
784057939640352768,29583,10990
783839966405230592,29814,10683
783821107061198850,7315,1948
783695101801398276,10415,3177
783466772167098368,8405,2218
783391753726550016,16784,5402
783347506784731136,0,5481
783334639985389568,28938,11558
783085703974514689,8109,2173
782969140009107456,23981,7295
782747134529531904,7423,1396
782722598790725632,17150,5334
782598640137187329,7741,1857
782305867769217024,16539,5490
782021823840026624,0,6127
781955203444699136,11056,3329
781661882474196992,10356,2687
781655249211752448,3963,1121
781524693396357120,20624,5498
781308096455073793,7099,2529
781251288990355457,8369,2057
781163403222056960,9734,2721
780931614150983680,21461,7210
780858289093574656,7127,1981
780800785462489090,5437,1282
780601303617732608,12008,3330
780543529827336192,6251,1730
780496263422808064,0,3634
780476555013349377,0,109
780459368902959104,5255,1064
780192070812196864,8630,2208
780092040432480260,0,2270
780074436359819264,12051,4890
779834332596887552,18713,6948
779377524342161408,8712,3074
779124354206535695,0,18038
779056095788752897,14625,4471
778990705243029504,19745,7094
778774459159379968,0,9755
778764940568104960,858,360
778748913645780993,6830,1288
778650543019483137,5708,1474
778624900596654080,4590,999
778408200802557953,13494,4265
778396591732486144,0,12049
778383385161035776,5764,1087
778286810187399168,10277,3250
778039087836069888,8419,2603
778027034220126208,6489,1585
777953400541634568,0,3478
777885040357281792,6293,1603
777684233540206592,11127,2900
777641927919427584,0,4172
777621514455814149,8648,2473
777189768882946048,14120,4252
776819012571455488,0,13480
776813020089548800,4829,1189
776477788987613185,8724,2729
776249906839351296,0,8977
776218204058357768,29563,15602
776201521193218049,9506,2482
776113305656188928,11635,4300
776088319444877312,1818,147
775898661951791106,0,16523
775842724423557120,11583,2617
775733305207554048,13736,3933
775729183532220416,12856,4535
775364825476165632,7309,2914
775350846108426240,10054,3848
775085132600442880,15379,4658
774757898236878852,8508,1759
774639387460112384,6647,1698
774314403806253056,21529,5430
773985732834758656,10614,3798
773922284943896577,6324,1722
773704687002451968,6516,1602
773670353721753600,5294,1288
773547596996571136,21870,6041
773336787167145985,0,4989
773308824254029826,23017,7367
773247561583001600,9345,3209
773191612633579521,9863,4057
772877495989305348,8456,3809
772826264096874500,7946,2318
772615324260794368,0,3330
772581559778025472,6401,1674
772193107915964416,5955,1363
772152991789019136,3764,1115
772117678702071809,3726,727
772114945936949249,2694,461
772102971039580160,3948,926
771908950375665664,6498,1864
771770456517009408,11850,3309
771500966810099713,8159,2566
771380798096281600,10348,4989
771171053431250945,0,7325
771136648247640064,9028,2877
771102124360998913,6154,1416
771014301343748096,6792,1622
770787852854652928,4869,1185
770772759874076672,5114,1397
770655142660169732,7245,1742
770414278348247044,6252,2060
770293558247038976,6144,1441
770093767776997377,0,2995
770069151037685760,7498,2260
769940425801170949,30869,9375
769695466921623552,6345,1654
769335591808995329,0,7605
769212283578875904,5321,1681
768970937022709760,14151,6394
768909767477751808,0,2616
768855141948723200,4126,869
768609597686943744,4065,1173
768596291618299904,4978,1257
768554158521745409,0,5724
768473857036525572,13442,3344
768193404517830656,10714,3478
767884188863397888,4681,1356
767754930266464257,15793,5298
767500508068192258,7405,2303
767191397493538821,12141,3694
767122157629476866,10046,2808
766864461642756096,0,5527
766793450729734144,4979,1334
766714921925144576,2585,371
766693177336135680,3958,780
766423258543644672,5907,1547
766313316352462849,6690,1855
766078092750233600,0,2568
766069199026450432,4160,836
766008592277377025,3691,489
765719909049503744,7124,2120
765669560888528897,5119,1210
765395769549590528,26287,3336
765371061932261376,6970,2135
765222098633691136,11466,3330
764857477905154048,6359,1750
764259802650378240,5928,1475
763956972077010945,750,54
763837565564780549,12373,4067
763183847194451968,5301,1443
763167063695355904,0,2945
763103485927849985,7268,2265
762699858130116608,11948,3544
762471784394268675,11049,6284
762464539388485633,10147,4086
762316489655476224,4725,1093
762035686371364864,31345,15239
761976711479193600,5320,1964
761750502866649088,0,3832
761745352076779520,4210,846
761672994376806400,48678,28493
761599872357261312,4066,1169
761371037149827077,0,17708
761334018830917632,5117,1426
761292947749015552,4411,1065
761227390836215808,5247,1531
761004547850530816,11156,3412
760893934457552897,3751,950
760656994973933572,6480,1871
760641137271070720,4901,1271
760539183865880579,7444,3549
760521673607086080,4145,1366
760290219849637889,26365,11237
760252756032651264,3890,852
760190180481531904,5594,1755
760153949710192640,0,30
759943073749200896,5857,2034
759923798737051648,14459,5527
759846353224826880,6628,1926
759793422261743616,5854,1868
759557299618865152,4606,1167
759447681597108224,8345,2410
759446261539934208,1644,475
759197388317847553,5983,1909
759159934323924993,0,1131
759099523532779520,14264,4065
759047813560868866,6382,1965
758854675097526272,3493,879
758828659922702336,11020,3767
758740312047005698,5644,1582
758474966123810816,3733,982
758467244762497024,4714,2172
758405701903519748,5123,1871
758355060040593408,3332,1037
758099635764359168,18709,9755
758041019896193024,2648,364
757741869644341248,6760,3183
757729163776290825,0,7722
757725642876129280,4464,1186
757611664640446465,4484,1082
757597904299253760,0,294
757596066325864448,4258,1033
757400162377592832,14867,6692
757393109802180609,5706,1695
757354760399941633,4442,1387
756998049151549440,6171,1943
756939218950160384,6517,1958
756651752796094464,4952,1266
756526248105566208,10224,3497
756303284449767430,3862,1085
756288534030475264,43243,17292
756275833623502848,6285,1503
755955933503782912,7171,2816
755206590534418437,16150,5232
755110668769038337,20812,10855
754874841593970688,0,7715
754856583969079297,6779,2457
754747087846248448,2537,506
754482103782404096,5193,1907
754449512966619136,3673,720
754120377874386944,7749,2301
753655901052166144,5737,2128
753420520834629632,7738,3467
753398408988139520,5643,1859
753375668877008896,7498,2270
753298634498793472,0,5551
753294487569522689,3300,1015
753039830821511168,36407,20385
753026973505581056,3852,937
752932432744185856,12378,6697
752917284578922496,6808,1536
752701944171524096,0,2788
752682090207055872,5895,1557
752660715232722944,4294,1518
752568224206688256,5387,2223
752519690950500352,7234,3370
752334515931054080,3746,1068
752309394570878976,0,15823
752173152931807232,5838,1787
751950017322246144,3003,891
751937170840121344,5083,1286
751830394383790080,5700,1897
751793661361422336,5700,2833
751598357617971201,7781,2973
751583847268179968,4301,1072
751538714308972544,4942,1229
751456908746354688,3155,978
751251247299190784,12271,5735
751205363882532864,6198,1765
751132876104687617,4960,1272
750868782890057730,4678,1326
750719632563142656,12904,4892
750506206503038976,4360,1120
750429297815552001,12909,4172
750383411068534784,4465,1121
750381685133418496,682,27
750147208377409536,3037,937
750132105863102464,3536,1260
750117059602808832,4249,1277
750101899009982464,2980,823
750086836815486976,2128,520
750071704093859840,7672,3235
750056684286914561,3100,878
750041628174217216,3104,596
750026558547456000,2665,767
750011400160841729,3173,884
749996283729883136,2996,800
749981277374128128,5008,2406
749774190421639168,4581,1291
749417653287129088,5973,1604
749403093750648834,2561,517
749395845976588288,8380,3348
749317047558017024,5383,2182
749075273010798592,5634,2025
749064354620928000,4704,1493
749036806121881602,3031,769
748977405889503236,10555,3301
748932637671223296,5681,2189
748705597323898880,2717,926
748699167502000129,4648,1545
748692773788876800,4163,1299
748575535303884801,5938,1933
748568946752774144,2164,654
748346686624440324,5108,1204
748337862848962560,7457,3999
748324050481647620,3611,734
748307329658011649,3608,694
748220828303695873,13844,7572
747963614829678593,5657,2084
747933425676525569,6469,2480
747885874273214464,2872,941
747844099428986880,2759,727
747816857231626240,4741,1130
747651430853525504,1350,151
747648653817413632,12599,5685
747600769478692864,2282,544
747594051852075008,3594,1026
747512671126323200,5398,1571
747461612269887489,3787,1018
747439450712596480,5296,1862
747242308580548608,0,2831
747219827526344708,5130,1521
747204161125646336,3293,888
747103485104099331,9332,3846
746906459439529985,2842,288
746872823977771008,5853,2075
746818907684614144,5206,1695
746790600704425984,4762,1557
746757706116112384,9352,3796
746726898085036033,5915,1746
746542875601690625,4921,1835
746521445350707200,0,957
746507379341139972,4553,1057
746369468511756288,6040,1590
746131877086527488,6741,2127
746056683365994496,3489,790
745789745784041472,3930,1034
745712589599014916,6839,2260
745433870967832576,6908,2474
745422732645535745,8375,2354
745314880350101504,6989,2677
745074613265149952,7646,3377
745057283344719872,7077,2180
744995568523612160,2903,596
744971049620602880,7689,2613
744709971296780288,5468,1515
744334592493166593,6619,2048
744234799360020481,152447,75436
744223424764059648,1620,351
743980027717509120,4071,1064
743895849529389061,3571,937
743835915802583040,0,2004
743609206067040256,4365,1345
743595368194129920,17875,6330
743545585370791937,3445,915
743510151680958465,7727,3621
743253157753532416,4122,1188
743222593470234624,6047,1855
743210557239623680,3752,1327
742534281772302336,6892,3463
742528092657332225,4305,1903
742465774154047488,7084,3799
742423170473463808,9574,3634
742385895052087300,6630,1907
742161199639494656,4212,1327
742150209887731712,4976,1501
741793263812808706,4422,1465
741743634094141440,7971,2660
741438259667034112,3590,792
741303864243200000,8556,3108
741099773336379392,9731,5341
741067306818797568,9289,2995
740995100998766593,6179,2638
740711788199743490,3318,910
740699697422163968,2772,753
740676976021798912,17692,6608
740373189193256964,34119,12919
740365076218183684,2394,419
740359016048689152,3212,837
740214038584557568,6521,1904
739979191639244800,19427,5724
739932936087216128,3950,1048
739844404073074688,3707,833
739623569819336705,3663,1318
739606147276148736,5256,1598
739544079319588864,38436,20519
739485634323156992,6959,2834
739238157791694849,112723,56161
738891149612572673,104,6
738885046782832640,3671,1106
738883359779196928,3217,764
738537504001953792,4947,1480
738402415918125056,3176,800
738184450748633089,4213,1174
738166403467907072,8517,3234
738156290900254721,2436,620
737826014890496000,5117,1709
737800304142471168,9716,3348
737678689543020544,4891,1272
737445876994609152,9962,4303
737322739594330112,3500,782
737310737551491075,14248,7180
736736130620620800,4122,1665
736392552031657984,17200,7113
736365877722001409,3861,1195
736225175608430592,7871,2694
736010884653420544,7658,2877
735991953473572864,3490,1105
735648611367784448,3929,1069
735635087207878657,5990,2268
735274964362878976,12643,4847
735256018284875776,3235,848
735137028879360001,3044,940
734912297295085568,2674,511
734787690684657664,12169,6092
734776360183431168,2429,516
734559631394082816,1447,383
733828123016450049,3479,752
733822306246479872,3564,990
733482008106668032,3037,913
733460102733135873,4057,1232
733109485275860992,51892,16523
732732193018155009,2364,517
732726085725589504,3455,863
732585889486888962,3558,755
732375214819057664,7840,2424
732005617171337216,14436,5209
731285275100512256,3397,965
731156023742988288,3729,1225
730924654643314689,5971,1911
730573383004487680,4741,2069
730427201120833536,3383,1009
730211855403241472,3708,1027
730196704625098752,4696,1822
729854734790754305,3914,1081
729838605770891264,1681,367
729823566028484608,3856,1204
729463711119904772,5614,2234
729113531270991872,1825,308
728986383096946689,3057,789
728760639972315136,4526,1641
728751179681943552,2682,651
728653952833728512,3216,1002
728409960103686147,4756,1922
728387165835677696,3596,928
728046963732717569,4160,1161
728035342121635841,4411,1618
728015554473250816,4001,1065
727685679342333952,2873,615
727644517743104000,5695,1685
727524757080539137,4344,1178
727314416056803329,3235,715
727286334147182592,2963,788
727175381690781696,3797,1340
727155742655025152,3519,1278
726935089318363137,6663,2345
726887082820554753,3713,1464
726828223124897792,3458,971
726224900189511680,4289,1101
725842289046749185,6872,2568
725786712245440512,4053,1329
725729321944506368,5059,1715
725458796924002305,1378,594
724983749226668032,3625,1260
724771698126512129,2275,609
724405726123311104,5126,1599
724049859469295616,4212,1717
724046343203856385,2581,539
724004602748780546,4071,1488
723912936180330496,3770,1186
723688335806480385,7438,2828
723673163800948736,2929,856
723179728551723008,5139,1786
722974582966214656,3973,1515
722613351520608256,4835,1578
721503162398597120,4480,1762
721001180231503872,2458,589
720785406564900865,3018,739
720775346191278080,2394,638
720415127506415616,4009,1448
720389942216527872,6175,2412
720340705894408192,2774,943
720059472081784833,3744,1081
720043174954147842,4775,1937
719991154352222208,4684,1680
719704490224398336,4405,1376
719551379208073216,4910,1824
719367763014393856,2710,718
719339463458033665,4303,1188
719332531645071360,3331,915
718971898235854848,3371,1041
718939241951195136,5092,1690
718631497683582976,18307,7738
718613305783398402,2360,462
718540630683709445,2372,975
718460005985447936,2616,506
718454725339934721,4717,1459
718246886998687744,1850,479
718234618122661888,3752,955
717841801130979328,2380,581
717790033953034240,2783,1065
717537687239008257,5601,1779
717428917016076293,1571,430
717421804990701568,3059,809
717047459982213120,6091,1856
717009362452090881,3138,926
716802964044845056,4154,1131
716791146589110272,7950,1520
716730379797970944,1199,414
716447146686459905,12655,5645
716439118184652801,2315,202
716285507865542656,2689,1012
716080869887381504,6571,1835
715928423106027520,3094,849
715758151270801409,3604,1378
715733265223708672,4530,1631
715704790270025728,2694,552
715696743237730304,3791,1251
715680795826982913,4159,1554
715360349751484417,5305,1510
715342466308784130,2956,665
715220193576927233,2351,624
715200624753819648,4987,1802
715009755312439296,4017,1181
714982300363173890,3609,1000
714962719905021952,7121,4101
714957620017307648,4019,1361
714631576617938945,3181,957
714606013974974464,3518,891
714485234495041536,2584,1086
714258258790387713,2943,703
714251586676113411,3173,807
714214115368108032,2209,840
714141408463036416,4191,1350
713919462244790272,3195,764
713909862279876608,1839,520
713900603437621249,2752,705
713761197720473600,4706,1316
713411074226274305,4289,1258
713177543487135744,7000,2757
713175907180089344,4321,1426
712809025985978368,18480,6490
712717840512598017,11937,4784
712668654853337088,4054,1173
712438159032893441,5162,1513
712309440758808576,231,25
712097430750289920,3657,998
712092745624633345,2852,856
712085617388212225,3176,470
712065007010385924,2188,601
711998809858043904,0,123
711968124745228288,7801,2228
711743778164514816,2757,960
711732680602345472,8558,3944
711694788429553666,31876,17708
711652651650457602,3730,883
711363825979756544,3525,1091
711306686208872448,3204,712
711008018775851008,2907,589
710997087345876993,4439,1336
710844581445812225,2470,657
710833117892898816,2608,512
710658690886586372,2241,543
710609963652087808,4659,2293
710588934686908417,4395,1796
710296729921429505,2310,714
710283270106132480,2091,503
710272297844797440,4396,1206
710269109699739648,2325,1077
710153181850935296,2826,864
710140971284037632,2673,851
710117014656950272,5301,1905
709918798883774466,3399,1053
709901256215666688,645,99
709852847387627521,3414,1160
709566166965075968,3452,1157
709556954897764353,3192,1034
709519240576036864,1454,227
709449600415961088,2145,549
709409458133323776,2537,654
709225125749587968,2347,553
709207347839836162,12115,5570
709198395643068416,2379,618
709179584944730112,1950,647
709158332880297985,1976,400
709042156699303936,4591,1574
708853462201716736,1758,640
708845821941387268,2893,864
708834316713893888,1638,485
708810915978854401,15993,6687
708738143638450176,2678,784
708711088997666817,2456,692
708479650088034305,2471,656
708469915515297792,3016,787
708400866336894977,15487,9720
708356463048204288,3476,1271
708349470027751425,2290,714
708149363256774660,4175,1505
708130923141795840,3285,825
708119489313951744,2619,949
708109389455101952,1894,536
708026248782585858,4272,1863
707995814724026368,3042,1092
707983188426153984,48,2
707969809498152960,2616,931
707776935007539200,3181,925
707741517457260545,2416,588
707738799544082433,3972,2381
707693576495472641,3303,957
707629649552134146,2495,837
707610948723478529,16483,6127
707420581654872064,2195,672
707411934438625280,2234,580
707387676719185920,3395,1236
707377100785885184,3183,1054
707315916783140866,2406,617
707297311098011648,2706,756
707059547140169728,2526,652
707038192327901184,2123,760
707021089608753152,3960,1308
707014260413456384,2250,581
706904523814649856,14138,7605
706901761596989440,1992,565
706681918348251136,3204,945
706644897839910912,2496,1054
706593038911545345,2097,611
706538006853918722,3377,1383
706516534877929472,3033,1000
706346369204748288,3358,899
706310011488698368,20671,7645
706291001778950144,1660,462
706265994973601792,2663,902
706169069255446529,3799,2138
706166467411222528,5004,1552
706153300320784384,1437,372
705975130514706432,3016,707
705970349788291072,3093,866
705898680587526145,2301,533
705786532653883392,1877,499
705591895322394625,3086,1111
705475953783398401,2880,881
705442520700944385,4292,1566
705428427625635840,3698,1618
705239209544720384,2907,731
705223444686888960,2523,774
705102439679201280,2082,502
705066031337840642,2131,598
704871453724954624,4158,1089
704859558691414016,2187,519
704847917308362754,4926,1469
704819833553219584,2569,949
704761120771465216,6458,2831
704499785726889984,2832,982
704491224099647488,729,75
704480331685040129,3297,1035
704364645503647744,7765,3441
704347321748819968,1531,339
704134088924532736,1466,439
704113298707505153,1804,555
704054845121142784,2839,890
703774238772166656,1788,441
703769065844768768,3180,1103
703631701117943808,2502,653
703611486317502464,3727,1481
703425003149250560,3700,1321
703407252292673536,2366,673
703382836347330562,3409,1107
703356393781329922,1861,373
703268521220972544,1926,527
703079050210877440,7189,2979
703041949650034688,25583,12049
702932127499816960,2515,696
702899151802126337,1567,438
702684942141153280,3142,1033
702671118226825216,2133,543
702598099714314240,11899,3334
702539513671897089,2802,926
702332542343577600,3087,1501
702321140488925184,3189,1013
702276748847800320,2405,749
702217446468493312,4654,1301
701981390485725185,3344,956
701952816642965504,3740,993
701889187134500865,3444,1343
701805642395348998,3320,1614
701601587219795968,2035,438
701570477911896070,2736,900
701545186879471618,2587,589
701214700881756160,11865,4926
700890391244103680,2157,548
700864154249383937,2526,605
700847567345688576,2391,484
700796979434098688,2369,907
700747788515020802,22179,8977
700518061187723268,2537,770
700505138482569216,2229,549
700462010979500032,4006,1721
700167517596164096,2563,709
700151421916807169,2182,649
700143752053182464,7316,2616
700062718104104960,2572,664
700029284593901568,2019,569
700002074055016451,3214,1296
699801817392291840,2954,918
699788877217865730,2171,495
699779630832685056,2660,1194
699775878809702401,1903,583
699691744225525762,10011,4451
699446877801091073,5787,2534
699434518667751424,2111,497
699423671849451520,1320,310
699413908797464576,2032,607
699370870310113280,1845,425
699323444782047232,3065,837
699088579889332224,2187,610
699079609774645248,2376,629
699072405256409088,2896,1149
699060279947165696,3641,1743
699036661657767936,2538,1168
698989035503689728,3256,943
698953797952008193,2608,885
698907974262222848,2468,602
698710712454139905,2399,659
698703483621523456,1413,361
698635131305795584,1258,332
698549713696649216,2256,604
698355670425473025,1802,432
698342080612007937,2209,933
698262614669991936,4641,1934
698195409219559425,16325,5782
698178924120031232,2735,718
697995514407682048,1481,326
697990423684476929,3195,1251
697943111201378304,2326,655
697881462549430272,2934,1127
697630435728322560,1700,526
697616773278015490,3066,981
697596423848730625,2930,1224
697575480820686848,1986,484
697516214579523584,1998,1077
697482927769255936,2349,646
697463031882764288,3331,1363
697270446429966336,4580,1820
697259378236399616,3207,973
697255105972801536,2981,1118
697242256848379904,2454,645
696900204696625153,3083,992
696894894812565505,2278,663
696886256886657024,4717,1740
696877980375769088,2382,687
696754882863349760,1442,352
696744641916489729,2014,901
696713835009417216,2309,627
696518437233913856,3805,1663
696490539101908992,1184,138
696488710901260288,2449,991
696405997980676096,3115,1122
696100768806522880,1875,631
695816827381944320,2930,1122
695794761660297217,3075,746
695767669421768709,1809,716
695629776980148225,4449,2028
695446424020918272,4284,1759
695409464418041856,8447,3469
695314793360662529,3526,1406
695095422348574720,2565,595
695074328191332352,2766,1061
695064344191721472,1557,574
695051054296211456,2587,769
694925794720792577,2621,888
694905863685980160,2667,909
694669722378485760,34869,13894
694356675654983680,1466,279
694352839993344000,1979,594
694342028726001664,1541,473
694329668942569472,1940,487
694206574471057408,4049,1977
694183373896572928,2865,899
694001791655137281,3314,990
693993230313091072,1824,391
693942351086120961,1701,355
693647888581312512,2615,564
693644216740769793,1315,119
693642232151285760,2471,398
693629975228977152,2380,771
693622659251335168,1498,361
693590843962331137,4903,1893
693582294167244802,1601,238
693486665285931008,1724,613
693280720173801472,3261,1203
693267061318012928,2318,790
693262851218264065,2149,482
693231807727280129,2796,719
693155686491000832,7678,3115
693109034023534592,1665,590
693095443459342336,1807,442
692919143163629568,2607,731
692905862751522816,2356,845
692901601640583168,1713,582
692894228850999298,2201,768
692828166163931137,2795,862
692752401762250755,6623,3528
692568918515392513,4237,1483
692535307825213440,3067,1316
692530551048294401,1780,399
692423280028966913,1437,220
692417313023332352,9122,3352
692187005137076224,2467,789
692158366030913536,2092,764
692142790915014657,1605,379
692041934689402880,3310,1225
692017291282812928,2816,924
691820333922455552,3857,1596
691793053716221953,7924,4097
691756958957883396,2765,962
691675652215414786,1901,493
691483041324204033,2324,543
691459709405118465,3935,1103
691444869282295808,2571,823
691416866452082688,18810,7395
691321916024623104,2503,639
691096613310316544,2884,854
691090071332753408,1676,324
690989312272396288,5742,2778
690959652130045952,3480,1207
690938899477221376,3985,1886
690932576555528194,3192,982
690735892932222976,3687,1224
690728923253055490,2117,501
690690673629138944,2260,798
690649993829576704,1262,265
690607260360429569,291,17
690597161306841088,1898,582
690400367696297985,1836,433
690374419777196032,3164,817
690360449368465409,2590,854
690348396616552449,1466,498
690248561355657216,1634,403
690021994562220032,2716,995
690015576308211712,2423,712
690005060500217858,3563,1625
689999384604450816,1375,354
689993469801164801,1416,432
689977555533848577,1335,433
689905486972461056,2380,676
689877686181715968,2953,1122
689835978131935233,2106,724
689661964914655233,3140,905
689659372465688576,10084,3728
689623661272240129,2167,622
689599056876867584,11338,5332
689557536375177216,1993,442
689517482558820352,3306,1388
689289219123089408,2195,903
689283819090870273,3170,1059
689280876073582592,1929,683
689275259254616065,1113,236
689255633275777024,2487,1049
689154315265683456,3001,960
689143371370250240,1961,488
688916208532455424,2639,834
688908934925697024,2052,739
688898160958271489,2035,756
688894073864884227,2182,662
688828561667567616,1348,357
688804835492233216,943,184
688789766343622656,2159,640
688547210804498433,2526,675
688519176466644993,2259,708
688385280030670848,9034,4329
688211956440801280,2181,802
688179443353796608,2074,566
688116655151435777,2753,748
688064179421470721,1688,351
687841446767013888,5324,2421
687826841265172480,2672,1087
687818504314159109,2413,924
687807801670897665,2327,693
687732144991551489,1709,641
687704180304273409,2372,817
687664829264453632,1886,493
687494652870668288,1841,559
687480748861947905,1561,232
687476254459715584,1926,516
687460506001633280,2007,530
687399393394311168,1842,599
687317306314240000,19605,8877
687312378585812992,4246,1837
687127927494963200,5286,2199
687124485711986689,2122,490
687109925361856513,5643,2376
687102708889812993,2284,941
687096057537363968,2176,589
686947101016735744,8409,3089
686760001961103360,3427,1340
686749460672679938,3390,1407
686730991906516992,4029,1161
686683045143953408,2751,779
686618349602762752,3602,1316
686606069955735556,1838,526
686394059078897668,1694,668
686386521809772549,3175,855
686377065986265092,2145,550
686358356425093120,2123,644
686286779679375361,3906,1616
686050296934563840,2162,706
686035780142297088,1115,112
686034024800862208,2990,1108
686007916130873345,2415,399
686003207160610816,1783,602
685973236358713344,2038,505
685943807276412928,1585,575
685906723014619143,7287,2772
685681090388975616,1974,118
685667379192414208,2293,546
685663452032069632,3140,1411
685641971164143616,2849,752
685547936038666240,32004,15062
685532292383666176,2940,1118
685325112850124800,9169,3832
685321586178670592,2574,607
685315239903100929,3206,1008
685307451701334016,2019,421
685268753634967552,3014,1161
685198997565345792,2271,648
685169283572338688,4004,1388
684969860808454144,2327,356
684959798585110529,6623,3026
684940049151070208,3124,1007
684926975086034944,3396,450
684914660081053696,3402,1407
684902183876321280,1814,509
684880619965411328,2027,781
684830982659280897,34071,20965
684800227459624960,2656,972
684594889858887680,8650,3392
684588130326986752,3999,1369
684567543613382656,2924,1171
684538444857667585,2583,919
684481074559381504,3775,1136
684460069371654144,1922,542
684241637099323392,7894,3157
684225744407494656,1198,199
684222868335505415,3723,1315
684200372118904832,2093,1005
684195085588783105,1851,491
684188786104872960,3397,1127
684177701129875456,1958,642
684147889187209216,2917,1473
684122891630342144,1948,454
684097758874210310,3992,1390
683857920510050305,3699,1083
683852578183077888,1887,334
683849932751646720,2545,921
683834909291606017,2553,1080
683828599284170753,2721,1030
683773439333797890,3248,1298
683742671509258241,6287,3195
683515932363329536,7130,2788
683498322573824003,3086,936
683481228088049664,2596,967
683462770029932544,2356,650
683449695444799489,3769,1559
683391852557561860,7435,2329
683357973142474752,2814,887
683142553609318400,2794,1006
683111407806746624,3311,880
683098815881154561,2115,633
683078886620553216,1945,546
683030066213818368,2108,719
682962037429899265,35698,15884
682808988178739200,1729,161
682788441537560576,2407,1074
682750546109968385,1480,420
682697186228989953,1280,350
682662431982772225,2972,1039
682638830361513985,2012,576
682429480204398592,3339,1115
682406705142087680,7348,1693
682393905736888321,2171,641
682389078323662849,1614,450
682303737705140231,2967,943
682259524040966145,4012,1150
682242692827447297,3135,1111
682088079302213632,17706,9509
682059653698686977,4796,1614
682047327939461121,3107,909
682032003584274432,6401,1921
682003177596559360,3025,1461
681981167097122816,2731,997
681891461017812993,2398,784
681694085539872773,12443,3921
681679526984871937,1715,426
681654059175129088,2563,886
681610798867845120,1838,448
681579835668455424,3439,1254
681523177663676416,13861,5551
681340665377193984,1597,269
681339448655802368,9024,3946
681320187870711809,2565,714
681302363064414209,3812,1749
681297372102656000,3119,914
681281657291280384,3141,1060
681261549936340994,1415,260
681242418453299201,1439,509
681231109724700672,2338,467
681193455364796417,3587,1422
680970795137544192,2341,630
680959110691590145,4450,1937
680940246314430465,3095,1004
680934982542561280,2034,419
680913438424612864,2339,598
680889648562991104,1710,354
680836378243002368,3355,1269
680805554198020098,2086,643
680801747103793152,2313,792
680798457301471234,2760,996
680609293079592961,2547,671
680583894916304897,3506,1279
680497766108381184,4112,1838
680494726643068929,1674,470
680473011644985345,2473,725
680440374763077632,1408,482
680221482581123072,1427,284
680206703334408192,2745,1119
680191257256136705,2081,480
680176173301628928,3779,1485
680161097740095489,2254,710
680145970311643136,3492,1686
680130881361686529,2223,906
680115823365742593,2644,869
680100725817409536,3480,1320
680085611152338944,12426,8665
680070545539371008,2505,827
679877062409191424,1922,627
679872969355714560,2132,644
679862121895714818,2384,592
679854723806179328,2767,1178
679844490799091713,2293,732
679828447187857408,35086,13480
679777920601223168,3015,1055
679736210798047232,2030,760
679729593985699840,2098,796
679722016581222400,1615,451
679530280114372609,4623,2007
679527802031484928,2552,696
679511351870550016,3258,1216
679503373272485890,3073,1410
679475951516934144,2028,617
679462823135686656,30495,18038
679405845277462528,2289,1153
679158373988876288,20552,7715
679148763231985668,2693,989
679132435750195208,2883,1112
679111216690831360,5777,2481
679062614270468097,16373,7722
679047485189439488,2168,635
679001094530465792,2742,1173
678991772295516161,2208,1105
678969228704284672,1583,435
678800283649069056,2480,859
678798276842360832,3338,1105
678774928607469569,2713,865
678767140346941444,3407,1303
678764513869611008,1581,447
678755239630127104,6838,3133
678740035362037760,3621,1587
678708137298427904,5392,2320
678675843183484930,2758,1396
678643457146150913,1975,384
678446151570427904,3861,1462
678424312106393600,5274,2433
678410210315247616,4050,1722
678399652199309312,77292,30479
678396796259975168,1539,397
678389028614488064,1798,402
678380236862578688,2342,865
678341075375947776,1666,511
678334497360859136,1250,236
678278586130948096,11004,5834
678255464182861824,1531,349
678023323247357953,1841,362
678021115718029313,13104,6041
677961670166224897,3290,1611
677918531514703872,1287,388
677895101218201600,4629,1976
677716515794329600,2930,937
677700003327029250,3260,1385
677698403548192770,1183,306
677687604918272002,2402,803
677673981332312066,3199,1435
677662372920729601,1872,903
677644091929329666,1787,770
677573743309385728,2049,668
677565715327688705,1252,438
677557565589463040,2356,1103
677547928504967168,6666,3501
677530072887205888,1026,218
677335745548390400,2923,1677
677334615166730240,1292,270
677331501395156992,1045,224
677328882937298944,3512,1434
677314812125323265,1584,510
677301033169788928,1180,385
677269281705472000,1898,674
677228873407442944,3413,1562
677187300187611136,2618,870
676975532580409345,2651,1017
676957860086095872,2147,772
676949632774234114,1253,375
676948236477857792,2063,819
676946864479084545,1663,347
676942428000112642,1984,711
676936541936185344,12216,4720
676916996760600576,2852,1723
676897532954456065,2152,692
676864501615042560,1999,668
676821958043033607,21938,14788
676819651066732545,1742,632
676811746707918848,1370,407
676776431406465024,4788,1929
676617503762681856,2755,909
676613908052996102,1035,191
676606785097199616,1814,412
676603393314578432,1111,363
676593408224403456,4372,2049
676590572941893632,879,116
676588346097852417,2203,743
676582956622721024,1142,261
676575501977128964,2461,1063
676533798876651520,1798,521
676496375194980353,1461,508
676470639084101634,11121,4446
676440007570247681,1654,627
676430933382295552,1340,321
676263575653122048,1996,512
676237365392908289,1152,268
676219687039057920,73223,29467
676215927814406144,1658,546
676191832485810177,2178,982
676146341966438401,1843,631
676121918416756736,2066,1106
676101918813499392,2710,1114
676098748976615425,2859,1344
676089483918516224,1249,415
675898130735476737,1536,537
675891555769696257,2025,812
675888385639251968,2268,905
675878199931371520,3982,1324
675870721063669760,1555,533
675853064436391936,2567,1216
675849018447167488,902,133
675845657354215424,2156,828
675822767435051008,1448,511
675820929667219457,999,223
675798442703122432,9774,3247
675781562965868544,1542,445
675740360753160193,1112,322
675710890956750848,1792,769
675707330206547968,1883,641
675706639471788032,618,90
675534494439489536,1750,387
675531475945709568,1123,361
675522403582218240,986,272
675517828909424640,1232,439
675501075957489664,16338,5534
675497103322386432,2990,1217
675489971617296384,1229,563
675483430902214656,1756,922
675432746517426176,1443,540
675372240448454658,1605,490
675362609739206656,1005,215
675354435921575936,30913,15823
675349384339542016,3737,2145
675334060156301312,2631,1212
675166823650848770,3373,1493
675153376133427200,5926,2423
675149409102012420,3548,1595
675147105808306176,896,218
675146535592706048,1119,276
675145476954566656,2035,842
675135153782571009,1235,446
675113801096802304,1848,742
675111688094527488,910,236
675109292475830276,2663,1060
675047298674663426,1003,302
675015141583413248,2551,1111
675006312288268288,927,209
675003128568291329,1486,436
674999807681908736,2125,1041
674805413498527744,812,338
674800520222154752,2861,806
674793399141146624,2374,1026
674790488185167872,1044,235
674788554665512960,769,196
674781762103414784,1908,1122
674774481756377088,1047,445
674767892831932416,1721,730
674764817387900928,752,222
674754018082705410,1294,412
674752233200820224,1381,434
674743008475090944,1316,513
674742531037511680,460,49
674739953134403584,1042,362
674737130913071104,612,81
674690135443775488,1089,446
674670581682434048,1526,610
674664755118911488,864,230
674646392044941312,1360,457
674644256330530816,985,256
674638615994089473,1599,551
674632714662858753,1423,541
674606911342424069,888,93
674468880899788800,5908,1901
674447403907457024,1008,338
674436901579923456,1051,366
674422304705744896,1355,504
674416750885273600,655,130
674410619106390016,1140,434
674394782723014656,1434,534
674372068062928900,808,299
674330906434379776,539,71
674318007229923329,1337,486
674307341513269249,10750,6503
674291837063053312,13876,5481
674271431610523648,1472,684
674269164442398721,865,214
674265582246694913,1543,790
674262580978937856,1245,423
674255168825880576,1382,511
674082852460433408,720,156
674075285688614912,937,267
674063288070742018,6019,2041
674053186244734976,3118,1208
674051556661161984,1377,461
674045139690631169,1328,600
674042553264685056,685,118
674038233588723717,1043,397
674036086168010753,808,192
674024893172875264,1678,1146
674019345211760640,1068,285
674014384960745472,1475,600
674008982932058114,1132,332
673956914389192708,1847,898
673919437611909120,1110,349
673906403526995968,2996,1536
673887867907739649,887,239
673716320723169284,2915,704
673715861853720576,3337,1925
673711475735838725,985,281
673709992831262724,794,247
673708611235921920,1016,267
673707060090052608,1042,366
673705679337693185,1190,383
673700254269775872,1350,530
673697980713705472,3735,1830
673689733134946305,1643,606
673688752737402881,1187,460
673686845050527744,1353,404
673680198160809984,1293,434
673662677122719744,1187,344
673656262056419329,682,221
673636718965334016,1040,337
673612854080196609,1506,671
673583129559498752,1130,336
673580926094458881,782,254
673576835670777856,1307,525
673363615379013632,972,283
673359818736984064,1360,628
673355879178194945,1418,534
673352124999274496,1576,507
673350198937153538,714,195
673345638550134785,2359,1175
673343217010679808,916,251
673342308415348736,1199,534
673320132811366400,12668,7325
673317986296586240,832,235
673295268553605120,7080,2945
673270968295534593,1014,338
673240798075449344,1346,662
673213039743795200,2100,780
673148804208660480,1602,583
672997845381865473,1860,665
672995267319328768,892,269
672988786805112832,922,268
672984142909456390,1187,509
672980819271634944,1710,944
672975131468300288,1575,840
672970152493887488,891,333
672968025906282496,1254,500
672964561327235073,1342,602
672902681409806336,1289,461
672898206762672129,853,394
672884426393653248,1444,786
672877615439593473,972,328
672834301050937345,1235,533
672828477930868736,1180,458
672640509974827008,922,295
672622327801233409,1215,450
672614745925664768,1151,541
672609152938721280,1042,360
672604026190569472,1043,373
672594978741354496,1253,570
672591762242805761,897,310
672591271085670400,676,174
672538107540070400,962,340
672523490734551040,592,156
672488522314567680,1046,404
672482722825261057,1060,554
672481316919734272,678,120
672475084225949696,1362,650
672466075045466113,1275,489
672272411274932228,6046,3120
672267570918129665,1398,570
672264251789176834,1064,309
672256522047614977,2661,1424
672254177670729728,1351,693
672248013293752320,1629,559
672245253877968896,643,143
672239279297454080,847,302
672231046314901505,1710,938
672222792075620352,742,194
672205392827572224,2118,1065
672169685991993344,963,341
672160042234327040,828,333
672139350159835138,1638,647
672125275208069120,2252,1069
672095186491711488,933,341
672082170312290304,891,341
672068090318987265,1212,473
671896809300709376,8011,3884
671891728106971137,1233,528
671882082306625538,3267,1293
671879137494245376,1332,615
671874878652489728,1186,514
671866342182637568,1058,454
671855973984772097,846,403
671789708968640512,6646,3216
671768281401958400,1123,458
671763349865160704,1572,836
671744970634719232,1272,711
671743150407421952,708,222
671735591348891648,1360,699
671729906628341761,7989,4036
671561002136281088,12008,6721
671550332464455680,852,194
671547767500775424,1264,545
671544874165002241,1840,967
671542985629241344,1027,525
671538301157904385,876,355
671536543010570240,1109,371
671533943490011136,962,536
671528761649688577,790,239
671520732782923777,1314,491
671518598289059840,887,272
671511350426865664,1491,651
671504605491109889,6564,3314
671497587707535361,863,418
671488513339211776,938,443
671486386088865792,543,182
671485057807351808,716,218
671390180817915904,1352,691
671362598324076544,1042,275
671357843010908160,376,146
671355857343524864,456,112
671347597085433856,893,394
671186162933985280,687,193
671182547775299584,1048,313
671166507850801152,818,317
671163268581498880,1544,1021
671159727754231808,341,74
671154572044468225,664,205
671151324042559489,624,140
671147085991960577,623,200
671141549288370177,1086,605
671138694582165504,863,371
671134062904504320,696,176
671122204919246848,3260,2329
671115716440031232,1280,721
671109016219725825,1072,403
670995969505435648,1040,268
670842764863651840,23179,8060
670840546554966016,548,180
670838202509447168,1044,643
670833812859932673,409,113
670832455012716544,686,198
670826280409919488,5164,3768
670823764196741120,729,173
670822709593571328,570,89
670815497391357952,2965,1427
670811965569282048,1061,248
670807719151067136,1095,455
670804601705242624,1838,888
670803562457407488,321,83
670797304698376195,692,216
670792680469889025,778,256
670789397210615808,621,222
670786190031921152,559,183
670783437142401025,779,352
670782429121134593,1440,711
670780561024270336,745,267
670778058496974848,314,69
670764103623966721,1019,391
670755717859713024,412,98
670733412878163972,900,474
670727704916926465,785,329
670717338665226240,1117,445
670704688707301377,728,345
670691627984359425,553,223
670679630144274432,706,259
670676092097810432,230,38
670668383499735048,10013,4618
670474236058800128,1418,684
670468609693655041,337,82
670465786746662913,912,505
670452855871037440,516,189
670449342516494336,1133,601
670444955656130560,6329,1844
670442337873600512,608,186
670435821946826752,996,478
670434127938719744,1329,598
670433248821026816,312,103
670428280563085312,1305,572
670427002554466305,493,148
670421925039075328,1229,590
670420569653809152,579,291
670417414769758208,538,302
670411370698022913,1894,825
670408998013820928,523,204
670403879788544000,403,141
670385711116361728,528,191
670374371102445568,704,250
670361874861563904,310,60
670338931251150849,401,101
670319130621435904,3659,1131
670303360680108032,409,121
670290420111441920,653,266
670093938074779648,962,306
670086499208155136,656,231
670079681849372674,2077,1134
670073503555706880,1465,730
670069087419133954,584,220
670061506722140161,711,308
670055038660800512,625,301
670046952931721218,609,159
670040295598354432,706,104
670037189829525505,558,255
670003130994700288,314,84
669993076832759809,305,75
669972011175813120,415,142
669970042633789440,285,51
669942763794931712,472,146
669926384437997569,355,89
669923323644657664,222,53
669753178989142016,752,368
669749430875258880,243,61
669684865554620416,477,82
669683899023405056,355,102
669682095984410625,331,125
669680153564442624,629,266
669661792646373376,759,396
669625907762618368,3302,1680
669603084620980224,895,336
669597912108789760,482,140
669583744538451968,1395,857
669573570759163904,409,129
669571471778410496,1486,940
669567591774625800,220,48
669564461267722241,368,112
669393256313184256,337,69
669375718304980992,1241,675
669371483794317312,461,165
669367896104181761,429,140
669363888236994561,585,211
669359674819481600,348,112
669354382627049472,2529,1183
669353438988365824,588,241
669351434509529089,404,168
669328503091937280,953,385
669327207240699904,538,113
669324657376567296,461,193
669216679721873412,1115,377
669214165781868544,407,149
669203728096960512,941,433
669037058363662336,611,288
669015743032369152,695,346
669006782128353280,543,225
669000397445533696,19619,5892
668994913074286592,413,208
668992363537309700,699,314
668989615043424256,630,307
668988183816871936,845,426
668986018524233728,514,151
668981893510119424,502,277
668979806671884288,746,323
668975677807423489,1224,538
668967877119254528,135,21
668960084974809088,659,225
668955713004314625,258,65
668932921458302977,243,53
668902994700836864,298,92
668892474547511297,376,136
668872652652679168,493,279
668852170888998912,424,148
668826086256599040,405,124
668815180734689280,522,242
668779399630725120,671,343
668655139528511488,489,203
668645506898350081,812,487
668643542311546881,811,479
668641109086707712,999,501
668636665813057536,969,459
668633411083464705,2612,1476
668631377374486528,660,293
668627278264475648,291,101
668625577880875008,356,120
668623201287675904,1327,693
668620235289837568,186,37
668614819948453888,578,295
668587383441514497,1566,989
668567822092664832,224,49
668544745690562560,481,212
668542336805281792,425,195
668537837512433665,237,66
668528771708952576,435,204
668507509523615744,303,95
668496999348633600,379,120
668484198282485761,394,217
668480044826800133,426,133
668466899341221888,828,470
668297328638447616,584,274
668291999406125056,228,29
668286279830867968,472,126
668274247790391296,769,217
668268907921326080,517,214
668256321989451776,1209,550
668248472370458624,895,437
668237644992782336,5785,2616
668226093875376128,273,94
668221241640230912,482,182
668204964695683073,525,182
668190681446379520,608,186
668171859951755264,455,175
668154635664932864,466,288
668142349051129856,541,259
668113020489474048,626,217
667937095915278337,1166,736
667924896115245057,277,99
667915453470232577,197,51
667911425562669056,459,271
667902449697558528,806,351
667886921285246976,1745,990
667885044254572545,772,431
667878741721415682,372,108
667873844930215936,584,374
667866724293877760,2852,957
667861340749471744,230,74
667832474953625600,274,57
667806454573760512,988,452
667801013445750784,306,87
667793409583771648,654,308
667782464991965184,387,227
667773195014021121,218,48
667766675769573376,409,201
667728196545200128,356,143
667724302356258817,448,292
667550904950915073,0,31
667550882905632768,0,27
667549055577362432,5382,2081
667546741521195010,317,115
667544320556335104,806,490
667538891197542400,191,60
667534815156183040,763,485
667530908589760512,436,219
667524857454854144,1589,1037
667517642048163840,344,177
667509364010450944,6363,1967
667502640335572993,507,204
667495797102141441,487,245
667491009379606528,484,207
667470559035432960,235,89
667455448082227200,179,56
667453023279554560,290,81
667443425659232256,724,534
667437278097252352,420,217
667435689202614272,286,79
667405339315146752,432,206
667393430834667520,179,51
667369227918143488,340,151
667211855547486208,450,221
667200525029539841,571,240
667192066997374976,356,90
667188689915760640,692,364
667182792070062081,13311,5659
667177989038297088,178,50
667176164155375616,569,418
667174963120574464,230,72
667171260800061440,203,77
667165590075940865,2504,1035
667160273090932737,237,56
667152164079423490,44454,15511
667138269671505920,4252,2004
667119796878725120,310,121
667090893657276420,312,115
667073648344346624,375,109
667070482143944705,77,13
667065535570550784,157,41
667062181243039745,204,47
667044094246576128,174,44
667012601033924608,420,202
666996132027977728,226,81
666983947667116034,2369,898
666837028449972224,752,506
666835007768551424,195,72
666826780179869698,238,83
666817836334096384,472,230
666804364988780544,216,84
666786068205871104,699,441
666781792255496192,358,175
666776908487630848,323,156
666739327293083650,220,60
666701168228331520,396,195
666691418707132416,171,44
666649482315059201,1035,568
666644823164719104,219,73
666454714377183233,474,196
666447344410484738,94,18
666437273139982337,112,42
666435652385423360,150,45
666430724426358785,290,173
666428276349472768,150,73
666421158376562688,293,101
666418789513326592,111,41
666411507551481857,396,286
666407126856765440,98,31
666396247373291520,155,73
666373753744588802,169,78
666362758909284353,702,502
666353288456101888,193,64
666345417576210432,267,128
666337882303524864,179,81
666293911632134144,450,312
666287406224695296,131,57
666273097616637952,157,70
666268910803644416,94,32
666104133288665088,13292,5812
666102155909144576,69,11
666099513787052032,140,57
666094000022159362,153,66
666082916733198337,101,41
666073100786774016,285,141
666071193221509120,135,52
666063827256086533,439,191
666058600524156928,103,51
666057090499244032,263,120
666055525042405380,404,214
666051853826850816,1099,752
666050758794694657,121,51
666049248165822465,96,39
666044226329800704,265,124
666033412701032449,109,39
666029285002620928,119,41
666020888022790149,2354,448
